[gd_scene load_steps=8 format=3 uid="uid://cadb0kek5sp1i"]

[ext_resource type="PackedScene" uid="uid://c4l4iojkjy5ed" path="res://block.tscn" id="1_3hls8"]
[ext_resource type="PackedScene" uid="uid://b3ccc3qc0ix3q" path="res://steve.tscn" id="1_hbghi"]
[ext_resource type="Environment" uid="uid://bymgtvspd13dx" path="res://Resources/level_1_environment.tres" id="4_ihfcg"]
[ext_resource type="PackedScene" uid="uid://x1asw6ruct13" path="res://coin.tscn" id="5_rka8t"]

[sub_resource type="StandardMaterial3D" id="StandardMaterial3D_rka8t"]
albedo_color = Color(0.14901961, 0.18039216, 1, 1)
roughness = 0.0

[sub_resource type="BoxMesh" id="BoxMesh_ilcil"]
material = SubResource("StandardMaterial3D_rka8t")
size = Vector3(10, 0.5, 10)

[sub_resource type="BoxShape3D" id="BoxShape3D_3hls8"]
size = Vector3(10, 0.5, 10)

[node name="Level1" type="Node3D"]

[node name="Floor" type="StaticBody3D" parent="."]
metadata/_edit_group_ = true

[node name="MeshInstance3D" type="MeshInstance3D" parent="Floor"]
mesh = SubResource("BoxMesh_ilcil")

[node name="CollisionShape3D" type="CollisionShape3D" parent="Floor"]
shape = SubResource("BoxShape3D_3hls8")

[node name="DirectionalLight3D" type="DirectionalLight3D" parent="."]
transform = Transform3D(0.9377469, 0.041571535, -0.34482265, 0.3338271, 0.1661519, 0.9278755, 0.095866136, -0.9852236, 0.14193068, -1.4053506, 2.2895534, 0.97364116)
shadow_enabled = true

[node name="Steve" parent="." instance=ExtResource("1_hbghi")]
transform = Transform3D(1, 0, 0, 0, 1, 0, 0, 0, 1, 0, 0.7891849, -2.2347355)

[node name="Blocks" type="Node3D" parent="."]

[node name="Block1" parent="Blocks" instance=ExtResource("1_3hls8")]
transform = Transform3D(0.8222171, -0.24714348, -0.5127174, 0.42492324, 0.8658598, 0.264059, 0.37868097, -0.43497938, 0.81694174, 0, 2.6455512, 0)

[node name="Block2" parent="Blocks" instance=ExtResource("1_3hls8")]
transform = Transform3D(1, 0, 0, 0, 0.77987355, -0.6259371, 0, 0.6259371, 0.77987355, 0, 4.310776, -1.5292213)

[node name="Coin1" parent="." instance=ExtResource("5_rka8t")]
transform = Transform3D(1, 0, 0, 0, 1, 0, 0, 0, 1, -3, 1, 0)

[node name="WorldEnvironment" type="WorldEnvironment" parent="."]
environment = ExtResource("4_ihfcg")
